B1,0.197629,0.174578,0.181396,0.182288,0.186425,0.191538,0.195225,0.218041,0.220485,0.220988,0.245950,0.262128,0.347219,0.341253,0.359533,0.358457,0.364546,0.386322,0.373482,0.377100,0.372684,0.369934,0.394935,0.418947
B2,0.304588,0.263467,0.264586,0.264336,0.263980,0.263260,0.261483,0.255906,0.255149,0.301272,0.333960,0.330195,0.346884,0.328772,0.330323,0.343239,0.339304,0.342406,0.342742,0.342931,0.348103,0.346885,0.353071,0.351335
B4,0.556352,0.525071,0.515813,0.518649,0.533020,0.534843,0.533711,0.539991,0.529425,0.538297,0.539314,0.526322,0.537298,0.531948,0.508109,0.513477,0.497789,0.515529,0.509673,0.532852,0.514677,0.510161,0.511251,0.498625
B5,0.532392,0.443413,0.377073,0.341055,0.316798,0.302073,0.289359,0.284464,0.288571,0.313480,0.320405,0.312836,0.309150,0.305582,0.310235,0.304404,0.299101,0.296091,0.290701,0.296259,0.291204,0.296893,0.292046,0.295824
B6,0.550501,0.500899,0.481935,0.476816,0.477630,0.482280,0.487859,0.490410,0.487038,0.485205,0.485438,0.496159,0.490294,0.484290,0.485899,0.490737,0.499647,0.508897,0.509291,0.511230,0.507854,0.502671,0.501730,0.493342
B7,0.261555,0.196382,0.177481,0.216537,0.253360,0.376597,0.471189,0.454396,0.454962,0.578863,0.577468,0.529453,0.558136,0.519321,0.544877,0.530450,0.538377,0.551812,0.528128,0.552445,0.532925,0.490428,0.496001,0.489878
B8,0.157520,0.080453,0.081146,0.083858,0.086821,0.089478,0.090897,0.092251,0.093624,0.094495,0.095439,0.094692,0.095337,0.095061,0.095034,0.094749,0.094508,0.095152,0.093881,0.094087,0.094272,0.094967,0.094596,0.095006
B9,0.140283,0.123312,0.121420,0.136391,0.195113,0.206325,0.231092,0.242267,0.236813,0.238458,0.304947,0.385173,0.424572,0.420208,0.461524,0.483483,0.529698,0.551744,0.568109,0.575728,0.596125,0.573602,0.592678,0.596775
B10,0.186806,0.134407,0.122699,0.118905,0.118771,0.120414,0.122287,0.123410,0.127202,0.139569,0.148872,0.160182,0.165152,0.171168,0.178726,0.183047,0.184623,0.179889,0.178202,0.179888,0.181362,0.182789,0.179205,0.182829
B11,0.238069,0.201989,0.209019,0.215897,0.223774,0.229307,0.231410,0.233311,0.236787,0.238151,0.238692,0.240944,0.241399,0.238669,0.239447,0.239674,0.241700,0.244101,0.242427,0.241983,0.244333,0.241874,0.240984,0.240768
B12,0.394654,0.386891,0.389611,0.390645,0.396632,0.403712,0.412373,0.417719,0.413215,0.144691,0.138583,0.140720,0.142510,0.140958,0.145873,0.148720,0.152249,0.155637,0.159457,0.164682,0.170658,0.175078,0.181160,0.187987
D1,0.141827,0.116548,0.119558,0.122723,0.128923,0.132390,0.135703,0.137827,0.140055,0.143200,0.145979,0.148853,0.151749,0.151121,0.150152,0.149452,0.150519,0.149841,0.147509,0.144551,0.143814,0.143188,0.143770,0.144060
D2,0.170973,0.121153,0.120996,0.124950,0.130187,0.134133,0.138273,0.140752,0.143497,0.145484,0.148295,0.150649,0.152681,0.152223,0.153174,0.153801,0.153461,0.155274,0.156064,0.154843,0.156331,0.157023,0.158336,0.158350
D3,0.265274,0.217707,0.215341,0.218948,0.223536,0.225733,0.228604,0.231052,0.232369,0.234741,0.238082,0.239444,0.241576,0.238575,0.239932,0.239219,0.238418,0.238519,0.240898,0.238308,0.239984,0.239399,0.240671,0.238853
D4,0.183182,0.130764,0.129571,0.131472,0.134753,0.136569,0.138693,0.139661,0.139388,0.140846,0.141862,0.143117,0.144212,0.142662,0.143341,0.144175,0.144040,0.144031,0.145261,0.144406,0.145150,0.145372,0.146173,0.144507
D5,0.243494,0.188241,0.188088,0.188147,0.193932,0.197756,0.200473,0.203807,0.205031,0.209103,0.211060,0.214667,0.217469,0.217894,0.220185,0.223205,0.225327,0.226893,0.231365,0.231979,0.236426,0.238307,0.242880,0.242523
D6,0.472641,0.412788,0.401023,0.394214,0.396105,0.396263,0.400954,0.398948,0.396558,0.399298,0.401382,0.403542,0.405731,0.402299,0.405980,0.407566,0.412921,0.410858,0.416799,0.418025,0.427356,0.426482,0.434742,0.436016
D7,0.529958,0.476749,0.447013,0.440581,0.438254,0.447698,0.453604,0.453893,0.461113,0.457236,0.453342,0.453634,0.461310,0.469483,0.469334,0.469951,0.476639,0.472959,0.478784,0.474745,0.480068,0.480268,0.485014,0.479250
D8,0.548919,0.497231,0.485910,0.484408,0.485466,0.489369,0.483932,0.489906,0.474172,0.481734,0.464634,0.463190,0.470607,0.463309,0.461091,0.456966,0.455857,0.451860,0.458163,0.447098,0.456951,0.455442,0.454219,0.450295
D9,0.196649,0.135549,0.118006,0.120044,0.136835,0.171162,0.208443,0.254360,0.259429,0.287191,0.310046,0.342267,0.373599,0.399124,0.385449,0.394558,0.384229,0.393510,0.385193,0.384724,0.371990,0.354384,0.364365,0.351427
D10,0.198253,0.181190,0.171153,0.169403,0.182074,0.179595,0.186748,0.203507,0.220368,0.235805,0.245954,0.255595,0.264738,0.274648,0.270038,0.286818,0.285383,0.288027,0.295213,0.286442,0.282745,0.274890,0.283901,0.271869
D11,0.134488,0.076425,0.078194,0.085678,0.089653,0.092578,0.094216,0.095515,0.096309,0.097394,0.097462,0.098849,0.098864,0.098813,0.099002,0.099544,0.098909,0.099296,0.099443,0.098262,0.099265,0.099523,0.099347,0.100661
D12,0.294644,0.184813,0.140897,0.129871,0.122807,0.122161,0.126996,0.130523,0.151100,0.155218,0.159493,0.161628,0.171114,0.180966,0.185117,0.192080,0.195677,0.194843,0.198484,0.192823,0.189554,0.183393,0.178133,0.173510
