A1,0.308331,0.294922,0.295384,0.302116,0.305560,0.309058,0.308214,0.313040,0.311831,0.559539,0.635490,0.665328,0.665742,0.714133,0.671116,0.700360,0.720238,0.741091,0.774694,0.773246,0.855121,0.899053,0.919629,0.909866
A2,0.406254,0.375316,0.364190,0.371446,0.368094,0.372477,0.376826,0.376645,0.372580,0.582008,0.573001,0.622161,0.559636,0.577947,0.576944,0.583079,0.575484,0.513789,0.502265,0.524168,0.532333,0.542652,0.366373,0.483375
A3,0.309885,0.276825,0.278548,0.278985,0.276259,0.274162,0.277908,0.287783,0.290930,0.285986,0.288505,0.288220,0.323249,0.404676,0.427712,0.519600,0.565800,0.538056,0.497517,0.549890,0.555737,0.562777,0.560811,0.546990
A4,0.193324,0.128345,0.128276,0.131581,0.134927,0.140254,0.145073,0.145460,0.147034,0.150316,0.150877,0.151788,0.152893,0.150607,0.146666,0.141740,0.138318,0.134540,0.132668,0.130286,0.129059,0.128326,0.125951,0.124213
A5,0.347540,0.296684,0.291805,0.287991,0.284629,0.285647,0.282708,0.281664,0.278348,0.274322,0.262423,0.257427,0.249195,0.236726,0.227746,0.220216,0.215812,0.211030,0.207568,0.203904,0.199183,0.193696,0.197765,0.192913
A6,0.356067,0.260939,0.230370,0.216149,0.205166,0.204974,0.211836,0.212222,0.210537,0.208839,0.208390,0.211814,0.213437,0.217401,0.221858,0.221528,0.231319,0.232192,0.243291,0.241853,0.246900,0.248125,0.250310,0.251532
A7,0.486837,0.503229,0.497937,0.482354,0.475944,0.469166,0.461724,0.548781,0.530034,0.517195,0.492561,0.482880,0.469719,0.470060,0.468021,0.444817,0.450276,0.423551,0.429184,0.414946,0.411327,0.401664,0.402968,0.390212
A8,0.156606,0.079210,0.081450,0.086467,0.091355,0.094428,0.096310,0.098774,0.100620,0.102378,0.104690,0.105806,0.107159,0.108316,0.108947,0.110149,0.111323,0.113736,0.114581,0.115750,0.118495,0.120682,0.122564,0.126215
A9,0.118263,0.108669,0.108956,0.108470,0.116177,0.121094,0.124236,0.131709,0.137746,0.146394,0.156985,0.173340,0.191162,0.204683,0.213833,0.236054,0.257468,0.264788,0.275189,0.279526,0.287469,0.295392,0.306061,0.308419
A10,0.134099,0.078547,0.081199,0.086621,0.092105,0.095095,0.096890,0.098798,0.100649,0.101957,0.103578,0.104801,0.105990,0.106640,0.107026,0.107410,0.108038,0.109009,0.108029,0.108376,0.109599,0.109721,0.110859,0.111502
A11,0.139040,0.078135,0.086498,0.093734,0.098139,0.100181,0.101478,0.102479,0.105116,0.105509,0.106545,0.107116,0.107678,0.107212,0.107631,0.107359,0.106869,0.106512,0.106201,0.106195,0.106656,0.106427,0.106562,0.106406
A12,0.101134,0.099245,0.100770,0.104796,0.111105,0.120106,0.129417,0.139102,0.150741,0.157872,0.183480,0.199576,0.214931,0.219820,0.241560,0.257808,0.259909,0.271906,0.282653,0.288094,0.302760,0.300546,0.304275,0.305285
B1,0.197629,0.174578,0.181396,0.182288,0.186425,0.191538,0.195225,0.218041,0.220485,0.220988,0.245950,0.262128,0.347219,0.341253,0.359533,0.358457,0.364546,0.386322,0.373482,0.377100,0.372684,0.369934,0.394935,0.418947
B2,0.304588,0.263467,0.264586,0.264336,0.263980,0.263260,0.261483,0.255906,0.255149,0.301272,0.333960,0.330195,0.346884,0.328772,0.330323,0.343239,0.339304,0.342406,0.342742,0.342931,0.348103,0.346885,0.353071,0.351335
B3,0.137019,0.085613,0.086365,0.089030,0.090909,0.092798,0.094650,0.095899,0.097483,0.098432,0.099170,0.100291,0.100497,0.101121,0.101039,0.101394,0.101369,0.102684,0.102442,0.101596,0.102315,0.102969,0.103260,0.103503
B4,0.556352,0.525071,0.515813,0.518649,0.533020,0.534843,0.533711,0.539991,0.529425,0.538297,0.539314,0.526322,0.537298,0.531948,0.508109,0.513477,0.497789,0.515529,0.509673,0.532852,0.514677,0.510161,0.511251,0.498625
B5,0.532392,0.443413,0.377073,0.341055,0.316798,0.302073,0.289359,0.284464,0.288571,0.313480,0.320405,0.312836,0.309150,0.305582,0.310235,0.304404,0.299101,0.296091,0.290701,0.296259,0.291204,0.296893,0.292046,0.295824
B6,0.550501,0.500899,0.481935,0.476816,0.477630,0.482280,0.487859,0.490410,0.487038,0.485205,0.485438,0.496159,0.490294,0.484290,0.485899,0.490737,0.499647,0.508897,0.509291,0.511230,0.507854,0.502671,0.501730,0.493342
B7,0.261555,0.196382,0.177481,0.216537,0.253360,0.376597,0.471189,0.454396,0.454962,0.578863,0.577468,0.529453,0.558136,0.519321,0.544877,0.530450,0.538377,0.551812,0.528128,0.552445,0.532925,0.490428,0.496001,0.489878
B8,0.157520,0.080453,0.081146,0.083858,0.086821,0.089478,0.090897,0.092251,0.093624,0.094495,0.095439,0.094692,0.095337,0.095061,0.095034,0.094749,0.094508,0.095152,0.093881,0.094087,0.094272,0.094967,0.094596,0.095006
B9,0.140283,0.123312,0.121420,0.136391,0.195113,0.206325,0.231092,0.242267,0.236813,0.238458,0.304947,0.385173,0.424572,0.420208,0.461524,0.483483,0.529698,0.551744,0.568109,0.575728,0.596125,0.573602,0.592678,0.596775
B10,0.186806,0.134407,0.122699,0.118905,0.118771,0.120414,0.122287,0.123410,0.127202,0.139569,0.148872,0.160182,0.165152,0.171168,0.178726,0.183047,0.184623,0.179889,0.178202,0.179888,0.181362,0.182789,0.179205,0.182829
B11,0.238069,0.201989,0.209019,0.215897,0.223774,0.229307,0.231410,0.233311,0.236787,0.238151,0.238692,0.240944,0.241399,0.238669,0.239447,0.239674,0.241700,0.244101,0.242427,0.241983,0.244333,0.241874,0.240984,0.240768
B12,0.394654,0.386891,0.389611,0.390645,0.396632,0.403712,0.412373,0.417719,0.413215,0.144691,0.138583,0.140720,0.142510,0.140958,0.145873,0.148720,0.152249,0.155637,0.159457,0.164682,0.170658,0.175078,0.181160,0.187987
C1,0.116237,0.082918,0.087053,0.090824,0.093102,0.095726,0.097964,0.099285,0.100495,0.101912,0.102694,0.105367,0.105260,0.105295,0.105455,0.105382,0.105849,0.106575,0.106166,0.108204,0.109131,0.109164,0.109411,0.111005
C2,0.264169,0.225385,0.221112,0.216383,0.212655,0.212278,0.212456,0.212431,0.210919,0.207094,0.208612,0.209395,0.208030,0.208656,0.207931,0.206567,0.205150,0.207137,0.210856,0.207673,0.210318,0.206630,0.208732,0.212790
C3,0.283086,0.242932,0.243150,0.242825,0.240345,0.242787,0.241908,0.243908,0.245680,0.245216,0.246347,0.246150,0.246125,0.244855,0.247765,0.250593,0.254117,0.259178,0.263921,0.261565,0.266597,0.271264,0.271808,0.272489
C4,0.382612,0.339439,0.338694,0.335995,0.333295,0.333593,0.332299,0.342989,0.347086,0.346160,0.347787,0.351230,0.355156,0.353859,0.353827,0.352406,0.344462,0.344784,0.348378,0.337738,0.333604,0.329335,0.324446,0.312888
C5,0.370419,0.314742,0.314369,0.313873,0.315023,0.318264,0.316653,0.317145,0.302285,0.304610,0.308412,0.311019,0.312739,0.314035,0.317553,0.321086,0.324044,0.330400,0.333407,0.331411,0.336502,0.335197,0.335269,0.333321
C6,0.382126,0.320062,0.319974,0.319080,0.315289,0.319228,0.316998,0.320025,0.319016,0.318162,0.319197,0.318657,0.316926,0.318796,0.321820,0.325772,0.328960,0.334004,0.339929,0.341204,0.343020,0.346186,0.345718,0.344880
C7,0.225423,0.189080,0.189085,0.191885,0.192793,0.196998,0.196119,0.198637,0.199854,0.201093,0.206157,0.211695,0.217216,0.226233,0.236963,0.248735,0.260677,0.273449,0.286595,0.296135,0.308443,0.320985,0.332681,0.341837
C8,0.161210,0.080875,0.081220,0.082308,0.086029,0.092620,0.095855,0.096830,0.099164,0.101657,0.104004,0.105708,0.106021,0.105477,0.106204,0.106213,0.106537,0.107766,0.106682,0.106185,0.106801,0.107255,0.106184,0.107097
C9,0.169997,0.134578,0.123681,0.117422,0.116606,0.120541,0.133007,0.160917,0.266091,0.295481,0.309408,0.339668,0.353137,0.362278,0.375121,0.373031,0.377784,0.386225,0.388241,0.383426,0.383841,0.382975,0.383256,0.390107
C10,0.221136,0.154882,0.138784,0.132102,0.130007,0.127226,0.128974,0.143899,0.155219,0.173660,0.176071,0.177952,0.203751,0.214288,0.225722,0.238452,0.249628,0.263136,0.266895,0.266230,0.269598,0.269480,0.276467,0.276818
C11,0.318357,0.282572,0.279439,0.288257,0.326590,0.380505,0.412599,0.435403,0.448543,0.462023,0.471101,0.468700,0.472287,0.472750,0.479289,0.471292,0.491136,0.485002,0.499939,0.498866,0.498182,0.508939,0.491630,0.506761
C12,0.109807,0.095381,0.095815,0.098664,0.102532,0.106149,0.110001,0.114371,0.119792,0.128544,0.140508,0.152743,0.157525,0.161132,0.167601,0.169051,0.173003,0.174870,0.180539,0.178619,0.183438,0.184146,0.188496,0.190861
D1,0.141827,0.116548,0.119558,0.122723,0.128923,0.132390,0.135703,0.137827,0.140055,0.143200,0.145979,0.148853,0.151749,0.151121,0.150152,0.149452,0.150519,0.149841,0.147509,0.144551,0.143814,0.143188,0.143770,0.144060
D2,0.170973,0.121153,0.120996,0.124950,0.130187,0.134133,0.138273,0.140752,0.143497,0.145484,0.148295,0.150649,0.152681,0.152223,0.153174,0.153801,0.153461,0.155274,0.156064,0.154843,0.156331,0.157023,0.158336,0.158350
D3,0.265274,0.217707,0.215341,0.218948,0.223536,0.225733,0.228604,0.231052,0.232369,0.234741,0.238082,0.239444,0.241576,0.238575,0.239932,0.239219,0.238418,0.238519,0.240898,0.238308,0.239984,0.239399,0.240671,0.238853
D4,0.183182,0.130764,0.129571,0.131472,0.134753,0.136569,0.138693,0.139661,0.139388,0.140846,0.141862,0.143117,0.144212,0.142662,0.143341,0.144175,0.144040,0.144031,0.145261,0.144406,0.145150,0.145372,0.146173,0.144507
D5,0.243494,0.188241,0.188088,0.188147,0.193932,0.197756,0.200473,0.203807,0.205031,0.209103,0.211060,0.214667,0.217469,0.217894,0.220185,0.223205,0.225327,0.226893,0.231365,0.231979,0.236426,0.238307,0.242880,0.242523
D6,0.472641,0.412788,0.401023,0.394214,0.396105,0.396263,0.400954,0.398948,0.396558,0.399298,0.401382,0.403542,0.405731,0.402299,0.405980,0.407566,0.412921,0.410858,0.416799,0.418025,0.427356,0.426482,0.434742,0.436016
D7,0.529958,0.476749,0.447013,0.440581,0.438254,0.447698,0.453604,0.453893,0.461113,0.457236,0.453342,0.453634,0.461310,0.469483,0.469334,0.469951,0.476639,0.472959,0.478784,0.474745,0.480068,0.480268,0.485014,0.479250
D8,0.548919,0.497231,0.485910,0.484408,0.485466,0.489369,0.483932,0.489906,0.474172,0.481734,0.464634,0.463190,0.470607,0.463309,0.461091,0.456966,0.455857,0.451860,0.458163,0.447098,0.456951,0.455442,0.454219,0.450295
D9,0.196649,0.135549,0.118006,0.120044,0.136835,0.171162,0.208443,0.254360,0.259429,0.287191,0.310046,0.342267,0.373599,0.399124,0.385449,0.394558,0.384229,0.393510,0.385193,0.384724,0.371990,0.354384,0.364365,0.351427
D10,0.198253,0.181190,0.171153,0.169403,0.182074,0.179595,0.186748,0.203507,0.220368,0.235805,0.245954,0.255595,0.264738,0.274648,0.270038,0.286818,0.285383,0.288027,0.295213,0.286442,0.282745,0.274890,0.283901,0.271869
D11,0.134488,0.076425,0.078194,0.085678,0.089653,0.092578,0.094216,0.095515,0.096309,0.097394,0.097462,0.098849,0.098864,0.098813,0.099002,0.099544,0.098909,0.099296,0.099443,0.098262,0.099265,0.099523,0.099347,0.100661
D12,0.294644,0.184813,0.140897,0.129871,0.122807,0.122161,0.126996,0.130523,0.151100,0.155218,0.159493,0.161628,0.171114,0.180966,0.185117,0.192080,0.195677,0.194843,0.198484,0.192823,0.189554,0.183393,0.178133,0.173510
E1,0.303924,0.292704,0.295916,0.301012,0.306709,0.310724,0.313652,0.319681,0.319548,0.321968,0.326303,0.323411,0.341263,0.336369,0.341262,0.344179,0.345239,0.350290,0.354311,0.353278,0.361266,0.365496,0.372920,0.377241
E2,0.305631,0.277286,0.278044,0.280806,0.285981,0.287210,0.292512,0.298790,0.299734,0.303642,0.308119,0.317576,0.320997,0.317051,0.320140,0.319527,0.323056,0.325345,0.328657,0.326307,0.329656,0.326621,0.331816,0.323799
E3,0.270605,0.223435,0.226085,0.230876,0.234961,0.236780,0.241080,0.248207,0.249387,0.251624,0.254583,0.258912,0.264292,0.262850,0.267202,0.270862,0.274441,0.281645,0.289760,0.295831,0.308613,0.314877,0.326288,0.333691
E4,0.333244,0.276175,0.278460,0.282667,0.287116,0.291466,0.299491,0.304067,0.298791,0.304241,0.306998,0.306640,0.308649,0.305349,0.306221,0.306323,0.304166,0.303133,0.305685,0.300157,0.302449,0.301670,0.302003,0.300126
E5,0.469534,0.431156,0.429869,0.428089,0.430017,0.428954,0.430449,0.429337,0.429594,0.432696,0.434057,0.429527,0.437556,0.436811,0.439175,0.438259,0.437736,0.435654,0.438714,0.432577,0.435795,0.433557,0.436411,0.433384
E6,0.434442,0.388200,0.387961,0.387784,0.389301,0.392223,0.395879,0.399891,0.397528,0.402214,0.404381,0.405307,0.410480,0.405634,0.407837,0.407639,0.407842,0.408945,0.409720,0.406812,0.409735,0.411982,0.410721,0.409053
E7,0.478981,0.404168,0.367698,0.362609,0.364697,0.373222,0.389349,0.379412,0.362176,0.362160,0.362961,0.356168,0.347342,0.335655,0.332120,0.331762,0.328942,0.317610,0.311817,0.309337,0.297533,0.287703,0.280418,0.283991
E8,0.159969,0.080879,0.080539,0.080986,0.085297,0.091347,0.093017,0.094265,0.096064,0.097527,0.100509,0.100643,0.101402,0.101678,0.101075,0.101876,0.101029,0.101144,0.100632,0.099737,0.101541,0.100591,0.100623,0.101233
E9,0.138185,0.080788,0.081147,0.085290,0.090059,0.093561,0.095708,0.098595,0.101108,0.102605,0.105447,0.107375,0.109419,0.110600,0.111268,0.112215,0.112765,0.113833,0.114247,0.114154,0.116205,0.116423,0.116942,0.118367
E10,0.196425,0.173347,0.158998,0.154734,0.161191,0.168670,0.175932,0.194612,0.215442,0.271898,0.313716,0.316039,0.331411,0.344108,0.354669,0.366993,0.390864,0.359489,0.361714,0.346151,0.345350,0.340237,0.337695,0.343956
E11,0.126733,0.077440,0.079722,0.086408,0.090314,0.093418,0.094895,0.097041,0.099411,0.100950,0.102066,0.103679,0.104887,0.104092,0.105400,0.105998,0.105344,0.106640,0.105630,0.105596,0.106694,0.106740,0.106919,0.108135
E12,0.257579,0.221786,0.193828,0.168352,0.161351,0.170395,0.174198,0.180637,0.182684,0.185458,0.184497,0.183091,0.180238,0.121722,0.121853,0.122220,0.122113,0.122364,0.121993,0.121564,0.122488,0.122439,0.122285,0.123721
F1,0.372713,0.343129,0.350854,0.357130,0.358899,0.362282,0.367209,0.369082,0.370135,0.372728,0.370901,0.372580,0.370326,0.367350,0.363538,0.359497,0.363901,0.404485,0.428806,0.416439,0.406362,0.400408,0.397920,0.383125
F2,0.313279,0.286260,0.287956,0.284912,0.281829,0.281363,0.294786,0.297724,0.299651,0.298583,0.298690,0.302905,0.301189,0.317839,0.316215,0.313366,0.312272,0.311141,0.311569,0.302864,0.304536,0.301103,0.298456,0.290357
F3,0.567393,0.547211,0.533270,0.510261,0.500488,0.503173,0.511536,0.516220,0.520935,0.521901,0.523471,0.527050,0.529467,0.533000,0.531102,0.537063,0.538166,0.535762,0.543895,0.536612,0.548666,0.546745,0.552991,0.552257
F4,0.540423,0.521100,0.519883,0.518839,0.519410,0.520063,0.518489,0.515842,0.513768,0.511207,0.508022,0.511606,0.507530,0.513123,0.513876,0.511156,0.514249,0.515120,0.516481,0.512829,0.516116,0.516466,0.512413,0.509399
F5,0.974780,0.944389,0.924233,0.903427,0.898149,0.904184,0.890665,0.891471,0.858552,0.865548,0.853840,0.845188,0.813631,0.807883,0.799674,0.779478,0.768558,0.727651,0.726161,0.707153,0.697562,0.696422,0.684167,0.659241
F6,0.514123,0.479187,0.472081,0.466279,0.468552,0.462076,0.476763,0.476097,0.481554,0.482776,0.488455,0.487816,0.486399,0.486127,0.480512,0.482816,0.484155,0.471757,0.472890,0.469519,0.458647,0.450173,0.442992,0.433989
F7,0.557425,0.538097,0.513813,0.476765,0.498076,0.477813,0.493804,0.490319,0.504195,0.496998,0.479346,0.484372,0.491619,0.484399,0.484269,0.475379,0.470113,0.458423,0.469466,0.458052,0.453376,0.450519,0.443949,0.435994
F8,0.622415,0.530773,0.443273,0.458755,0.460799,0.475379,0.477865,0.463978,0.466918,0.457400,0.507974,0.481483,0.496995,0.486187,0.487563,0.478798,0.490200,0.473493,0.477266,0.464559,0.450946,0.445333,0.437887,0.425658
F9,0.122639,0.080402,0.080960,0.085251,0.088779,0.091048,0.092489,0.093501,0.094797,0.095026,0.096146,0.096331,0.097141,0.096742,0.096587,0.096981,0.096672,0.096752,0.095713,0.095566,0.096192,0.095402,0.095244,0.095633
F10,0.302370,0.279614,0.281208,0.285146,0.285952,0.289772,0.287231,0.290261,0.293239,0.297592,0.297532,0.302309,0.307509,0.308768,0.306891,0.308233,0.310110,0.310599,0.312746,0.313394,0.314424,0.315210,0.315864,0.316072
F11,0.632401,0.614596,0.620965,0.625322,0.621217,0.629262,0.631675,0.621218,0.629121,0.628434,0.621843,0.624777,0.625075,0.615935,0.599373,0.632820,0.616273,0.627137,0.609066,0.602410,0.612513,0.578693,0.576927,0.573520
F12,0.116053,0.081812,0.091906,0.098060,0.099588,0.103701,0.105009,0.106636,0.107075,0.108106,0.108727,0.109291,0.110312,0.109381,0.110177,0.110324,0.110182,0.112878,0.112113,0.112058,0.112707,0.112621,0.112856,0.113344
G1,0.265681,0.267549,0.271464,0.274267,0.276484,0.279307,0.280095,0.279908,0.283038,0.284002,0.299799,0.301652,0.303217,0.302722,0.303041,0.304108,0.300406,0.304438,0.306405,0.309926,0.312652,0.315471,0.316501,0.317731
G2,0.230061,0.187085,0.172916,0.176653,0.166696,0.165421,0.166654,0.163519,0.167052,0.164088,0.164631,0.165302,0.162347,0.161192,0.163198,0.161388,0.157874,0.159882,0.158432,0.155376,0.156240,0.155137,0.155232,0.153937
G3,0.439754,0.431614,0.428328,0.431992,0.434786,0.431638,0.428056,0.436109,0.434735,0.437778,0.435550,0.435791,0.435117,0.432468,0.432768,0.434059,0.432265,0.432245,0.435238,0.435945,0.435676,0.435676,0.434082,0.434245
G4,0.418036,0.408308,0.410706,0.411194,0.413391,0.414877,0.415691,0.418394,0.419234,0.424412,0.423896,0.424114,0.427658,0.427938,0.425063,0.430603,0.429772,0.432400,0.434113,0.436445,0.436239,0.437580,0.434496,0.434375
G5,0.505304,0.497148,0.495924,0.499801,0.494111,0.493477,0.491061,0.489648,0.486259,0.479827,0.475409,0.478304,0.476940,0.475669,0.470843,0.474004,0.465241,0.467661,0.466260,0.467814,0.465814,0.465432,0.464256,0.464266
G6,0.376440,0.366459,0.366436,0.368810,0.366996,0.362131,0.355026,0.354216,0.355844,0.358468,0.358653,0.360175,0.360504,0.358958,0.362085,0.366440,0.365303,0.373276,0.375233,0.380844,0.385083,0.387264,0.391172,0.393184
G7,0.525812,0.507846,0.487109,0.471296,0.475128,0.485129,0.502831,0.502131,0.509461,0.521049,0.512789,0.532741,0.529588,0.532523,0.538689,0.534196,0.524021,0.534456,0.541761,0.529334,0.525015,0.537279,0.516803,0.521551
G8,0.564269,0.546718,0.532220,0.542352,0.540240,0.556725,0.554121,0.552294,0.544255,0.544452,0.537356,0.534851,0.533416,0.525456,0.520373,0.517196,0.508227,0.509985,0.505168,0.496097,0.489058,0.483574,0.473553,0.466507
G9,0.530279,0.489757,0.517769,0.559437,0.562318,0.573553,0.554372,0.550501,0.539412,0.533475,0.530720,0.521269,0.504974,0.492265,0.478419,0.468627,0.460612,0.461396,0.449162,0.444642,0.422884,0.416552,0.415677,0.408440
G10,0.554946,0.589755,0.629266,0.647455,0.667755,0.683183,0.710460,0.686945,0.683102,0.677383,0.683682,0.673038,0.679521,0.676420,0.662731,0.662537,0.648122,0.624864,0.624214,0.596962,0.587813,0.600008,0.590801,0.581468
G11,0.172985,0.151065,0.150550,0.164398,0.168698,0.188985,0.201004,0.233533,0.452421,0.500340,0.530348,0.556513,0.590228,0.612428,0.609610,0.620045,0.617955,0.617484,0.608408,0.612767,0.606728,0.598028,0.592079,0.585433
G12,0.234799,0.207422,0.218316,0.229655,0.289721,0.302600,0.345867,0.344962,0.359654,0.366192,0.369369,0.379031,0.371431,0.376764,0.373259,0.376876,0.135467,0.134989,0.134055,0.133519,0.134370,0.134411,0.135293,0.137050
H1,0.330210,0.291682,0.271589,0.279942,0.318373,0.374364,0.380389,0.376101,0.368981,0.373659,0.368639,0.364580,0.365084,0.363062,0.139709,0.141359,0.142728,0.143957,0.145645,0.146809,0.149404,0.151363,0.152741,0.153905
H2,0.521257,0.514075,0.102969,0.130670,0.142721,0.122458,0.115302,0.114701,0.117746,0.120246,0.122326,0.124686,0.127160,0.127412,0.123857,0.132903,0.135607,0.135941,0.135655,0.132532,0.130362,0.130963,0.137596,0.141676
H3,0.195928,0.199665,0.209283,0.213275,0.213506,0.215659,0.221451,0.221446,0.220850,0.224461,0.223169,0.224891,0.227880,0.224130,0.227965,0.226000,0.225383,0.224118,0.223843,0.222348,0.222594,0.222347,0.220574,0.212353
H4,0.428517,0.425626,0.432598,0.434177,0.437299,0.437505,0.444996,0.446700,0.439712,0.121819,0.123955,0.127577,0.134814,0.131591,0.131902,0.133556,0.132795,0.131772,0.132179,0.134851,0.136138,0.136638,0.136239,0.137219
H5,0.593391,0.592299,0.598664,0.601200,0.600481,0.601828,0.602994,0.605620,0.212798,0.269976,0.272766,0.271249,0.278266,0.271619,0.272200,0.273281,0.271282,0.265681,0.264341,0.256905,0.252854,0.245607,0.239578,0.230791
H6,0.751127,0.734915,0.733683,0.142192,0.186578,0.196069,0.214656,0.229192,0.227810,0.201441,0.187058,0.180221,0.180009,0.166452,0.169840,0.158669,0.148928,0.147632,0.148403,0.149564,0.152474,0.153172,0.157259,0.157647
H7,0.607832,0.590917,0.637157,0.640905,0.657910,0.674067,0.679193,0.686451,0.674266,0.681660,0.694865,0.673842,0.670905,0.656386,0.646578,0.607201,0.518657,0.522260,0.524552,0.515769,0.515239,0.499598,0.504058,0.496433
H8,0.319994,0.298654,0.330079,0.389703,0.447880,0.500527,0.517233,0.509642,0.491040,0.530272,0.520399,0.512837,0.525151,0.497425,0.504523,0.500577,0.487057,0.482368,0.475903,0.461666,0.456147,0.451496,0.442773,0.441530
H9,0.385764,0.397110,0.427325,0.537679,0.699880,0.746876,0.850051,0.837285,0.198605,0.173728,0.161246,0.151460,0.141686,0.140800,0.139751,0.138704,0.137981,0.137341,0.137690,0.137000,0.136230,0.135594,0.135837,0.135320
H10,0.637538,0.761587,0.851801,0.118370,0.131297,0.181231,0.234896,0.297217,0.350287,0.371936,0.382119,0.393441,0.429387,0.399228,0.376777,0.364589,0.356161,0.346646,0.335002,0.273728,0.273048,0.270284,0.277356,0.273286
H11,0.642816,0.652744,0.633013,0.585334,0.608867,0.562722,0.593624,0.589754,0.566542,0.568421,0.583512,0.564232,0.566141,0.537917,0.529264,0.553577,0.543023,0.531281,0.535991,0.510858,0.513822,0.508337,0.519649,0.524821
H12,0.420134,0.383650,0.407377,0.458572,0.573758,0.618910,0.622013,0.627431,0.662752,0.674712,0.709548,0.634080,0.680676,0.707346,0.216637,0.223113,0.230606,0.242222,0.253252,0.264380,0.276989,0.288971,0.305391,0.318410
