A1,0.308331,0.294922,0.295384,0.302116,0.305560,0.309058,0.308214,0.313040,0.311831,0.559539,0.635490,0.665328,0.665742,0.714133,0.671116,0.700360,0.720238,0.741091,0.774694,0.773246,0.855121,0.899053,0.919629,0.909866
A2,0.406254,0.375316,0.364190,0.371446,0.368094,0.372477,0.376826,0.376645,0.372580,0.582008,0.573001,0.622161,0.559636,0.577947,0.576944,0.583079,0.575484,0.513789,0.502265,0.524168,0.532333,0.542652,0.366373,0.483375
A3,0.309885,0.276825,0.278548,0.278985,0.276259,0.274162,0.277908,0.287783,0.290930,0.285986,0.288505,0.288220,0.323249,0.404676,0.427712,0.519600,0.565800,0.538056,0.497517,0.549890,0.555737,0.562777,0.560811,0.546990
A4,0.193324,0.128345,0.128276,0.131581,0.134927,0.140254,0.145073,0.145460,0.147034,0.150316,0.150877,0.151788,0.152893,0.150607,0.146666,0.141740,0.138318,0.134540,0.132668,0.130286,0.129059,0.128326,0.125951,0.124213
A5,0.347540,0.296684,0.291805,0.287991,0.284629,0.285647,0.282708,0.281664,0.278348,0.274322,0.262423,0.257427,0.249195,0.236726,0.227746,0.220216,0.215812,0.211030,0.207568,0.203904,0.199183,0.193696,0.197765,0.192913
A6,0.356067,0.260939,0.230370,0.216149,0.205166,0.204974,0.211836,0.212222,0.210537,0.208839,0.208390,0.211814,0.213437,0.217401,0.221858,0.221528,0.231319,0.232192,0.243291,0.241853,0.246900,0.248125,0.250310,0.251532
A7,0.486837,0.503229,0.497937,0.482354,0.475944,0.469166,0.461724,0.548781,0.530034,0.517195,0.492561,0.482880,0.469719,0.470060,0.468021,0.444817,0.450276,0.423551,0.429184,0.414946,0.411327,0.401664,0.402968,0.390212
A8,0.156606,0.079210,0.081450,0.086467,0.091355,0.094428,0.096310,0.098774,0.100620,0.102378,0.104690,0.105806,0.107159,0.108316,0.108947,0.110149,0.111323,0.113736,0.114581,0.115750,0.118495,0.120682,0.122564,0.126215
A9,0.118263,0.108669,0.108956,0.108470,0.116177,0.121094,0.124236,0.131709,0.137746,0.146394,0.156985,0.173340,0.191162,0.204683,0.213833,0.236054,0.257468,0.264788,0.275189,0.279526,0.287469,0.295392,0.306061,0.308419
A10,0.134099,0.078547,0.081199,0.086621,0.092105,0.095095,0.096890,0.098798,0.100649,0.101957,0.103578,0.104801,0.105990,0.106640,0.107026,0.107410,0.108038,0.109009,0.108029,0.108376,0.109599,0.109721,0.110859,0.111502
A11,0.139040,0.078135,0.086498,0.093734,0.098139,0.100181,0.101478,0.102479,0.105116,0.105509,0.106545,0.107116,0.107678,0.107212,0.107631,0.107359,0.106869,0.106512,0.106201,0.106195,0.106656,0.106427,0.106562,0.106406
A12,0.101134,0.099245,0.100770,0.104796,0.111105,0.120106,0.129417,0.139102,0.150741,0.157872,0.183480,0.199576,0.214931,0.219820,0.241560,0.257808,0.259909,0.271906,0.282653,0.288094,0.302760,0.300546,0.304275,0.305285
B1,0.197629,0.174578,0.181396,0.182288,0.186425,0.191538,0.195225,0.218041,0.220485,0.220988,0.245950,0.262128,0.347219,0.341253,0.359533,0.358457,0.364546,0.386322,0.373482,0.377100,0.372684,0.369934,0.394935,0.418947
B2,0.304588,0.263467,0.264586,0.264336,0.263980,0.263260,0.261483,0.255906,0.255149,0.301272,0.333960,0.330195,0.346884,0.328772,0.330323,0.343239,0.339304,0.342406,0.342742,0.342931,0.348103,0.346885,0.353071,0.351335
B3,0.137019,0.085613,0.086365,0.089030,0.090909,0.092798,0.094650,0.095899,0.097483,0.098432,0.099170,0.100291,0.100497,0.101121,0.101039,0.101394,0.101369,0.102684,0.102442,0.101596,0.102315,0.102969,0.103260,0.103503
B4,0.556352,0.525071,0.515813,0.518649,0.533020,0.534843,0.533711,0.539991,0.529425,0.538297,0.539314,0.526322,0.537298,0.531948,0.508109,0.513477,0.497789,0.515529,0.509673,0.532852,0.514677,0.510161,0.511251,0.498625
B5,0.532392,0.443413,0.377073,0.341055,0.316798,0.302073,0.289359,0.284464,0.288571,0.313480,0.320405,0.312836,0.309150,0.305582,0.310235,0.304404,0.299101,0.296091,0.290701,0.296259,0.291204,0.296893,0.292046,0.295824
B6,0.550501,0.500899,0.481935,0.476816,0.477630,0.482280,0.487859,0.490410,0.487038,0.485205,0.485438,0.496159,0.490294,0.484290,0.485899,0.490737,0.499647,0.508897,0.509291,0.511230,0.507854,0.502671,0.501730,0.493342
B7,0.261555,0.196382,0.177481,0.216537,0.253360,0.376597,0.471189,0.454396,0.454962,0.578863,0.577468,0.529453,0.558136,0.519321,0.544877,0.530450,0.538377,0.551812,0.528128,0.552445,0.532925,0.490428,0.496001,0.489878
B8,0.157520,0.080453,0.081146,0.083858,0.086821,0.089478,0.090897,0.092251,0.093624,0.094495,0.095439,0.094692,0.095337,0.095061,0.095034,0.094749,0.094508,0.095152,0.093881,0.094087,0.094272,0.094967,0.094596,0.095006
B9,0.140283,0.123312,0.121420,0.136391,0.195113,0.206325,0.231092,0.242267,0.236813,0.238458,0.304947,0.385173,0.424572,0.420208,0.461524,0.483483,0.529698,0.551744,0.568109,0.575728,0.596125,0.573602,0.592678,0.596775
B10,0.186806,0.134407,0.122699,0.118905,0.118771,0.120414,0.122287,0.123410,0.127202,0.139569,0.148872,0.160182,0.165152,0.171168,0.178726,0.183047,0.184623,0.179889,0.178202,0.179888,0.181362,0.182789,0.179205,0.182829
B11,0.238069,0.201989,0.209019,0.215897,0.223774,0.229307,0.231410,0.233311,0.236787,0.238151,0.238692,0.240944,0.241399,0.238669,0.239447,0.239674,0.241700,0.244101,0.242427,0.241983,0.244333,0.241874,0.240984,0.240768
B12,0.394654,0.386891,0.389611,0.390645,0.396632,0.403712,0.412373,0.417719,0.413215,0.144691,0.138583,0.140720,0.142510,0.140958,0.145873,0.148720,0.152249,0.155637,0.159457,0.164682,0.170658,0.175078,0.181160,0.187987
C1,0.116237,0.082918,0.087053,0.090824,0.093102,0.095726,0.097964,0.099285,0.100495,0.101912,0.102694,0.105367,0.105260,0.105295,0.105455,0.105382,0.105849,0.106575,0.106166,0.108204,0.109131,0.109164,0.109411,0.111005
C2,0.264169,0.225385,0.221112,0.216383,0.212655,0.212278,0.212456,0.212431,0.210919,0.207094,0.208612,0.209395,0.208030,0.208656,0.207931,0.206567,0.205150,0.207137,0.210856,0.207673,0.210318,0.206630,0.208732,0.212790
C3,0.283086,0.242932,0.243150,0.242825,0.240345,0.242787,0.241908,0.243908,0.245680,0.245216,0.246347,0.246150,0.246125,0.244855,0.247765,0.250593,0.254117,0.259178,0.263921,0.261565,0.266597,0.271264,0.271808,0.272489
C4,0.382612,0.339439,0.338694,0.335995,0.333295,0.333593,0.332299,0.342989,0.347086,0.346160,0.347787,0.351230,0.355156,0.353859,0.353827,0.352406,0.344462,0.344784,0.348378,0.337738,0.333604,0.329335,0.324446,0.312888
C5,0.370419,0.314742,0.314369,0.313873,0.315023,0.318264,0.316653,0.317145,0.302285,0.304610,0.308412,0.311019,0.312739,0.314035,0.317553,0.321086,0.324044,0.330400,0.333407,0.331411,0.336502,0.335197,0.335269,0.333321
C6,0.382126,0.320062,0.319974,0.319080,0.315289,0.319228,0.316998,0.320025,0.319016,0.318162,0.319197,0.318657,0.316926,0.318796,0.321820,0.325772,0.328960,0.334004,0.339929,0.341204,0.343020,0.346186,0.345718,0.344880
C7,0.225423,0.189080,0.189085,0.191885,0.192793,0.196998,0.196119,0.198637,0.199854,0.201093,0.206157,0.211695,0.217216,0.226233,0.236963,0.248735,0.260677,0.273449,0.286595,0.296135,0.308443,0.320985,0.332681,0.341837
C8,0.161210,0.080875,0.081220,0.082308,0.086029,0.092620,0.095855,0.096830,0.099164,0.101657,0.104004,0.105708,0.106021,0.105477,0.106204,0.106213,0.106537,0.107766,0.106682,0.106185,0.106801,0.107255,0.106184,0.107097
C9,0.169997,0.134578,0.123681,0.117422,0.116606,0.120541,0.133007,0.160917,0.266091,0.295481,0.309408,0.339668,0.353137,0.362278,0.375121,0.373031,0.377784,0.386225,0.388241,0.383426,0.383841,0.382975,0.383256,0.390107
C10,0.221136,0.154882,0.138784,0.132102,0.130007,0.127226,0.128974,0.143899,0.155219,0.173660,0.176071,0.177952,0.203751,0.214288,0.225722,0.238452,0.249628,0.263136,0.266895,0.266230,0.269598,0.269480,0.276467,0.276818
C11,0.318357,0.282572,0.279439,0.288257,0.326590,0.380505,0.412599,0.435403,0.448543,0.462023,0.471101,0.468700,0.472287,0.472750,0.479289,0.471292,0.491136,0.485002,0.499939,0.498866,0.498182,0.508939,0.491630,0.506761
C12,0.109807,0.095381,0.095815,0.098664,0.102532,0.106149,0.110001,0.114371,0.119792,0.128544,0.140508,0.152743,0.157525,0.161132,0.167601,0.169051,0.173003,0.174870,0.180539,0.178619,0.183438,0.184146,0.188496,0.190861
D1,0.141827,0.116548,0.119558,0.122723,0.128923,0.132390,0.135703,0.137827,0.140055,0.143200,0.145979,0.148853,0.151749,0.151121,0.150152,0.149452,0.150519,0.149841,0.147509,0.144551,0.143814,0.143188,0.143770,0.144060
D2,0.170973,0.121153,0.120996,0.124950,0.130187,0.134133,0.138273,0.140752,0.143497,0.145484,0.148295,0.150649,0.152681,0.152223,0.153174,0.153801,0.153461,0.155274,0.156064,0.154843,0.156331,0.157023,0.158336,0.158350
D3,0.265274,0.217707,0.215341,0.218948,0.223536,0.225733,0.228604,0.231052,0.232369,0.234741,0.238082,0.239444,0.241576,0.238575,0.239932,0.239219,0.238418,0.238519,0.240898,0.238308,0.239984,0.239399,0.240671,0.238853
D4,0.183182,0.130764,0.129571,0.131472,0.134753,0.136569,0.138693,0.139661,0.139388,0.140846,0.141862,0.143117,0.144212,0.142662,0.143341,0.144175,0.144040,0.144031,0.145261,0.144406,0.145150,0.145372,0.146173,0.144507
D5,0.243494,0.188241,0.188088,0.188147,0.193932,0.197756,0.200473,0.203807,0.205031,0.209103,0.211060,0.214667,0.217469,0.217894,0.220185,0.223205,0.225327,0.226893,0.231365,0.231979,0.236426,0.238307,0.242880,0.242523
D6,0.472641,0.412788,0.401023,0.394214,0.396105,0.396263,0.400954,0.398948,0.396558,0.399298,0.401382,0.403542,0.405731,0.402299,0.405980,0.407566,0.412921,0.410858,0.416799,0.418025,0.427356,0.426482,0.434742,0.436016
D7,0.529958,0.476749,0.447013,0.440581,0.438254,0.447698,0.453604,0.453893,0.461113,0.457236,0.453342,0.453634,0.461310,0.469483,0.469334,0.469951,0.476639,0.472959,0.478784,0.474745,0.480068,0.480268,0.485014,0.479250
D8,0.548919,0.497231,0.485910,0.484408,0.485466,0.489369,0.483932,0.489906,0.474172,0.481734,0.464634,0.463190,0.470607,0.463309,0.461091,0.456966,0.455857,0.451860,0.458163,0.447098,0.456951,0.455442,0.454219,0.450295
D9,0.196649,0.135549,0.118006,0.120044,0.136835,0.171162,0.208443,0.254360,0.259429,0.287191,0.310046,0.342267,0.373599,0.399124,0.385449,0.394558,0.384229,0.393510,0.385193,0.384724,0.371990,0.354384,0.364365,0.351427
D10,0.198253,0.181190,0.171153,0.169403,0.182074,0.179595,0.186748,0.203507,0.220368,0.235805,0.245954,0.255595,0.264738,0.274648,0.270038,0.286818,0.285383,0.288027,0.295213,0.286442,0.282745,0.274890,0.283901,0.271869
D11,0.134488,0.076425,0.078194,0.085678,0.089653,0.092578,0.094216,0.095515,0.096309,0.097394,0.097462,0.098849,0.098864,0.098813,0.099002,0.099544,0.098909,0.099296,0.099443,0.098262,0.099265,0.099523,0.099347,0.100661
D12,0.294644,0.184813,0.140897,0.129871,0.122807,0.122161,0.126996,0.130523,0.151100,0.155218,0.159493,0.161628,0.171114,0.180966,0.185117,0.192080,0.195677,0.194843,0.198484,0.192823,0.189554,0.183393,0.178133,0.173510
