B1,0.197629,0.174578,0.181396,0.182288,0.186425,0.191538,0.195225,0.218041,0.220485,0.220988,0.245950,0.262128,0.347219,0.341253,0.359533,0.358457,0.364546,0.386322,0.373482,0.377100,0.372684,0.369934,0.394935,0.418947
B2,0.304588,0.263467,0.264586,0.264336,0.263980,0.263260,0.261483,0.255906,0.255149,0.301272,0.333960,0.330195,0.346884,0.328772,0.330323,0.343239,0.339304,0.342406,0.342742,0.342931,0.348103,0.346885,0.353071,0.351335
B3,0.137019,0.085613,0.086365,0.089030,0.090909,0.092798,0.094650,0.095899,0.097483,0.098432,0.099170,0.100291,0.100497,0.101121,0.101039,0.101394,0.101369,0.102684,0.102442,0.101596,0.102315,0.102969,0.103260,0.103503
B4,0.556352,0.525071,0.515813,0.518649,0.533020,0.534843,0.533711,0.539991,0.529425,0.538297,0.539314,0.526322,0.537298,0.531948,0.508109,0.513477,0.497789,0.515529,0.509673,0.532852,0.514677,0.510161,0.511251,0.498625
B5,0.532392,0.443413,0.377073,0.341055,0.316798,0.302073,0.289359,0.284464,0.288571,0.313480,0.320405,0.312836,0.309150,0.305582,0.310235,0.304404,0.299101,0.296091,0.290701,0.296259,0.291204,0.296893,0.292046,0.295824
B6,0.550501,0.500899,0.481935,0.476816,0.477630,0.482280,0.487859,0.490410,0.487038,0.485205,0.485438,0.496159,0.490294,0.484290,0.485899,0.490737,0.499647,0.508897,0.509291,0.511230,0.507854,0.502671,0.501730,0.493342
B7,0.261555,0.196382,0.177481,0.216537,0.253360,0.376597,0.471189,0.454396,0.454962,0.578863,0.577468,0.529453,0.558136,0.519321,0.544877,0.530450,0.538377,0.551812,0.528128,0.552445,0.532925,0.490428,0.496001,0.489878
B8,0.157520,0.080453,0.081146,0.083858,0.086821,0.089478,0.090897,0.092251,0.093624,0.094495,0.095439,0.094692,0.095337,0.095061,0.095034,0.094749,0.094508,0.095152,0.093881,0.094087,0.094272,0.094967,0.094596,0.095006
B9,0.140283,0.123312,0.121420,0.136391,0.195113,0.206325,0.231092,0.242267,0.236813,0.238458,0.304947,0.385173,0.424572,0.420208,0.461524,0.483483,0.529698,0.551744,0.568109,0.575728,0.596125,0.573602,0.592678,0.596775
B10,0.186806,0.134407,0.122699,0.118905,0.118771,0.120414,0.122287,0.123410,0.127202,0.139569,0.148872,0.160182,0.165152,0.171168,0.178726,0.183047,0.184623,0.179889,0.178202,0.179888,0.181362,0.182789,0.179205,0.182829
B11,0.238069,0.201989,0.209019,0.215897,0.223774,0.229307,0.231410,0.233311,0.236787,0.238151,0.238692,0.240944,0.241399,0.238669,0.239447,0.239674,0.241700,0.244101,0.242427,0.241983,0.244333,0.241874,0.240984,0.240768
B12,0.394654,0.386891,0.389611,0.390645,0.396632,0.403712,0.412373,0.417719,0.413215,0.144691,0.138583,0.140720,0.142510,0.140958,0.145873,0.148720,0.152249,0.155637,0.159457,0.164682,0.170658,0.175078,0.181160,0.187987
