0.1306 0.0113 0.0687 0.0709 0.0349 0.0811 0.0236 0.0450 0.0372 0.0788 0.0203 0.0225 0.0664 0.0214 0.0833 0.0484 0.0439 0.0755 0.0191 0.0169 6.02<br/>
0.1250 0.0000 0.0417 0.0417 0.0278 0.0694 0.0139 0.0694 0.0556 0.0972 0.0139 0.0278 0.0972 0.0139 0.0694 0.0417 0.0694 0.0694 0.0278 0.0278 10.23<br/>
0.0820 0.0041 0.0738 0.0615 0.0369 0.0779 0.0205 0.0574 0.0451 0.0861 0.0205 0.0492 0.0492 0.0369 0.0656 0.0861 0.0410 0.0656 0.0287 0.0123 5.38<br/>
0.0952 0.0317 0.0794 0.0794 0.0000 0.0476 0.0317 0.0794 0.0159 0.0635 0.0159 0.0476 0.0476 0.0000 0.0635 0.0476 0.1270 0.0794 0.0317 0.0159 4.40<br/>
0.0816 0.0408 0.0612 0.0612 0.0000 0.1224 0.0000 0.0408 0.0204 0.2041 0.0612 0.0408 0.0408 0.0204 0.0816 0.0408 0.0204 0.0408 0.0000 0.0204 4.74<br/>
0.2194 0.0000 0.0561 0.0867 0.0153 0.0663 0.0051 0.0408 0.0765 0.0765 0.0051 0.0204 0.0561 0.0459 0.0306 0.0561 0.0714 0.0510 0.0051 0.0153 4.60<br/>
0.1229 0.0056 0.0838 0.0559 0.0223 0.0391 0.0391 0.0447 0.1006 0.0726 0.0223 0.0223 0.0615 0.0447 0.0726 0.0112 0.0447 0.0950 0.0223 0.0168 10.03<br/>
0.1341 0.0132 0.0747 0.1011 0.0198 0.0505 0.0198 0.0527 0.0418 0.0791 0.0132 0.0198 0.0505 0.0396 0.0659 0.0571 0.0484 0.0769 0.0176 0.0242 4.44<br/>
0.1294 0.0149 0.0846 0.0746 0.0498 0.0945 0.0100 0.0498 0.0697 0.0597 0.0199 0.0647 0.0348 0.0149 0.0547 0.0448 0.0448 0.0398 0.0100 0.0348 4.74<br/>
0.1256 0.0101 0.0754 0.0653 0.0101 0.0754 0.0251 0.0553 0.0503 0.0704 0.0151 0.0201 0.0503 0.0352 0.0854 0.0402 0.0653 0.0653 0.0352 0.0251 7.06<br/>
0.1183 0.0000 0.1183 0.0538 0.0108 0.0645 0.0215 0.0645 0.0538 0.1075 0.0215 0.0430 0.0430 0.0430 0.0860 0.0108 0.0323 0.0430 0.0215 0.0430 5.13<br/>
0.0984 0.0000 0.0328 0.1311 0.0164 0.0492 0.0000 0.0656 0.0164 0.1148 0.0328 0.0656 0.0000 0.0328 0.0984 0.0328 0.0984 0.0820 0.0000 0.0328 4.46<br/>
0.1008 0.0084 0.0420 0.0504 0.0168 0.0588 0.0840 0.0252 0.0252 0.1008 0.0336 0.0252 0.0756 0.0084 0.1345 0.0084 0.0588 0.0924 0.0420 0.0084 11.73<br/>
0.1312 0.0262 0.0758 0.0437 0.0408 0.1195 0.0408 0.0350 0.0058 0.0496 0.0058 0.0233 0.0612 0.0321 0.0991 0.0612 0.0233 0.0612 0.0379 0.0262 6.74<br/>
0.1307 0.0103 0.0749 0.0617 0.0264 0.0705 0.0162 0.0441 0.0499 0.0969 0.0308 0.0220 0.0441 0.0338 0.0778 0.0323 0.0514 0.0646 0.0264 0.0352 6.46<br/>
0.1287 0.0175 0.0936 0.0468 0.0468 0.0643 0.0175 0.0526 0.0468 0.0702 0.0292 0.0175 0.0468 0.0175 0.0819 0.0468 0.0409 0.0877 0.0058 0.0409 6.26<br/>
0.1464 0.0143 0.0536 0.0679 0.0250 0.0464 0.0143 0.0357 0.0429 0.0929 0.0214 0.0214 0.0750 0.0357 0.0786 0.0429 0.0679 0.0893 0.0143 0.0143 7.46<br/>
0.0833 0.0167 0.0500 0.0333 0.0333 0.0500 0.0500 0.0333 0.0167 0.1000 0.0667 0.0333 0.0333 0.0333 0.1333 0.0333 0.0833 0.0667 0.0167 0.0333 10.61<br/>
0.0915 0.0087 0.0632 0.0654 0.0349 0.0763 0.0283 0.0479 0.0392 0.0828 0.0283 0.0327 0.0588 0.0523 0.0828 0.0458 0.0414 0.0675 0.0327 0.0196 7.00<br/>
0.0400 0.0133 0.0133 0.0400 0.0133 0.0800 0.0133 0.0667 0.0800 0.0667 0.0267 0.0133 0.0933 0.0133 0.0533 0.1467 0.0800 0.1200 0.0000 0.0267 10.63<br/>
0.1382 0.0244 0.1057 0.0650 0.0163 0.1138 0.0163 0.0407 0.0325 0.1301 0.0163 0.0244 0.0407 0.0000 0.0569 0.0650 0.0407 0.0325 0.0163 0.0244 4.21<br/>
0.1288 0.0094 0.0585 0.0492 0.0187 0.0749 0.0141 0.0609 0.0468 0.1101 0.0211 0.0304 0.0422 0.0258 0.1007 0.0398 0.0679 0.0656 0.0234 0.0117 10.60<br/>
0.1724 0.0345 0.0000 0.0115 0.0000 0.0115 0.0000 0.0345 0.0000 0.1264 0.0230 0.0460 0.1609 0.0460 0.0805 0.1264 0.1034 0.0115 0.0115 0.0000 12.10<br/>
0.2840 0.0062 0.0802 0.0494 0.0247 0.0741 0.0123 0.0185 0.0370 0.0802 0.0062 0.0123 0.0185 0.0556 0.0864 0.0309 0.0432 0.0556 0.0062 0.0185 6.53<br/>
0.1402 0.0061 0.0427 0.0366 0.0244 0.0915 0.0244 0.0488 0.0244 0.1037 0.0183 0.0366 0.0488 0.0427 0.0732 0.0610 0.0427 0.0732 0.0183 0.0427 9.38<br/>
0.0978 0.0217 0.0109 0.0109 0.0543 0.0870 0.0217 0.0761 0.0326 0.1196 0.0652 0.0326 0.0326 0.0109 0.0326 0.0435 0.0543 0.1196 0.0543 0.0217 9.90<br/>
0.1364 0.0000 0.0182 0.0364 0.0636 0.1545 0.0000 0.0909 0.0545 0.1364 0.0091 0.0091 0.0273 0.0364 0.0273 0.0455 0.0636 0.0545 0.0182 0.0182 10.11<br/>
0.1821 0.0112 0.0056 0.0084 0.0252 0.1092 0.0000 0.0560 0.0084 0.0700 0.0112 0.0532 0.0616 0.0252 0.0140 0.1148 0.1709 0.0476 0.0084 0.0168 8.62<br/>
0.0879 0.0141 0.0502 0.0188 0.0424 0.1272 0.0094 0.0549 0.0173 0.0754 0.0141 0.0816 0.0424 0.0345 0.0298 0.0926 0.0801 0.0863 0.0078 0.0330 4.61<br/>
0.1389 0.0012 0.0602 0.0428 0.0278 0.0995 0.0197 0.0347 0.0405 0.0764 0.0347 0.0486 0.0359 0.0417 0.0729 0.0475 0.0694 0.0613 0.0231 0.0231 9.62<br/>
0.1966 0.0013 0.0721 0.0393 0.0170 0.0891 0.0118 0.0341 0.0223 0.0813 0.0197 0.0249 0.0603 0.0773 0.0577 0.0380 0.0708 0.0655 0.0000 0.0210 4.64<br/>
0.1657 0.0000 0.0595 0.0340 0.0212 0.0807 0.0099 0.0340 0.0411 0.0807 0.0156 0.0368 0.0581 0.0864 0.0425 0.0552 0.0878 0.0652 0.0085 0.0170 5.76<br/>
0.1991 0.0000 0.0310 0.0265 0.0398 0.1372 0.0000 0.0177 0.0133 0.0973 0.0133 0.0487 0.0088 0.0841 0.0487 0.1195 0.0664 0.0354 0.0000 0.0133 9.02<br/>
0.1277 0.0213 0.0426 0.0709 0.0213 0.0638 0.0355 0.0496 0.0355 0.1206 0.0284 0.0071 0.0426 0.0355 0.0851 0.0284 0.0496 0.0851 0.0355 0.0142 8.10<br/>
0.0951 0.0104 0.0716 0.0339 0.0417 0.0924 0.0169 0.0378 0.0260 0.0664 0.0208 0.0391 0.0495 0.0521 0.0547 0.0664 0.0898 0.0846 0.0195 0.0312 5.04<br/>
0.1546 0.0193 0.0725 0.0483 0.0435 0.0483 0.0097 0.0580 0.0290 0.0918 0.0193 0.0338 0.0435 0.0483 0.0821 0.0531 0.0628 0.0386 0.0145 0.0290 5.83<br/>
0.0700 0.0200 0.1000 0.0600 0.0400 0.1300 0.0000 0.0200 0.0900 0.0200 0.0400 0.0500 0.0700 0.0300 0.0300 0.0900 0.0500 0.0700 0.0100 0.0100 4.47<br/>
0.1439 0.0000 0.0791 0.0216 0.0360 0.0791 0.0000 0.0576 0.0000 0.0791 0.0144 0.0432 0.0647 0.0288 0.0432 0.1007 0.0935 0.0647 0.0144 0.0360 3.86<br/>
0.0939 0.0091 0.0636 0.0515 0.0121 0.0879 0.0091 0.0485 0.0394 0.0848 0.0364 0.0788 0.0394 0.0303 0.0606 0.0515 0.0788 0.0727 0.0212 0.0303 5.23<br/>
0.2374 0.0000 0.0623 0.0661 0.0350 0.1089 0.0117 0.0272 0.0623 0.0584 0.0156 0.0156 0.0428 0.0272 0.0389 0.0545 0.0661 0.0350 0.0156 0.0195 4.87<br/>
0.1406 0.0104 0.0781 0.0573 0.0052 0.0677 0.0104 0.0104 0.0260 0.0833 0.0417 0.0208 0.0938 0.0469 0.1250 0.0573 0.0573 0.0469 0.0000 0.0208 9.18<br/>
0.1239 0.0000 0.0765 0.0528 0.0346 0.0801 0.0091 0.0419 0.0401 0.0929 0.0401 0.0364 0.0474 0.0747 0.0638 0.0401 0.0455 0.0583 0.0164 0.0255 4.83<br/>
0.2800 0.0000 0.0667 0.0000 0.0133 0.0667 0.0000 0.0267 0.0400 0.0533 0.0400 0.0400 0.0533 0.0400 0.0400 0.1200 0.0800 0.0400 0.0000 0.0000 9.44<br/>
0.0846 0.0106 0.0740 0.0677 0.0423 0.1015 0.0233 0.0381 0.0529 0.0782 0.0296 0.0233 0.0634 0.0211 0.0782 0.0465 0.0444 0.0592 0.0211 0.0402 6.59<br/>
0.1308 0.0211 0.0549 0.0675 0.0211 0.0633 0.0338 0.0380 0.0886 0.0970 0.0253 0.0253 0.0422 0.0422 0.0844 0.0338 0.0464 0.0506 0.0127 0.0211 10.11<br/>
0.0700 0.0100 0.0600 0.1000 0.0100 0.0500 0.0100 0.0300 0.0400 0.1300 0.0400 0.0100 0.0500 0.0200 0.1600 0.0500 0.0500 0.0800 0.0200 0.0100 10.43<br/>
0.1306 0.0113 0.0687 0.0709 0.0349 0.0811 0.0236 0.0450 0.0372 0.0788 0.0203 0.0225 0.0664 0.0214 0.0833 0.0484 0.0439 0.0755 0.0191 0.0169 6.02<br/>
0.1250 0.0000 0.0417 0.0417 0.0278 0.0694 0.0139 0.0694 0.0556 0.0972 0.0139 0.0278 0.0972 0.0139 0.0694 0.0417 0.0694 0.0694 0.0278 0.0278 10.23<br/>
0.0820 0.0041 0.0738 0.0615 0.0369 0.0779 0.0205 0.0574 0.0451 0.0861 0.0205 0.0492 0.0492 0.0369 0.0656 0.0861 0.0410 0.0656 0.0287 0.0123 5.38<br/>
0.0952 0.0317 0.0794 0.0794 0.0000 0.0476 0.0317 0.0794 0.0159 0.0635 0.0159 0.0476 0.0476 0.0000 0.0635 0.0476 0.1270 0.0794 0.0317 0.0159 4.40<br/>
0.0816 0.0408 0.0612 0.0612 0.0000 0.1224 0.0000 0.0408 0.0204 0.2041 0.0612 0.0408 0.0408 0.0204 0.0816 0.0408 0.0204 0.0408 0.0000 0.0204 4.74<br/>
0.2194 0.0000 0.0561 0.0867 0.0153 0.0663 0.0051 0.0408 0.0765 0.0765 0.0051 0.0204 0.0561 0.0459 0.0306 0.0561 0.0714 0.0510 0.0051 0.0153 4.60<br/>
0.1229 0.0056 0.0838 0.0559 0.0223 0.0391 0.0391 0.0447 0.1006 0.0726 0.0223 0.0223 0.0615 0.0447 0.0726 0.0112 0.0447 0.0950 0.0223 0.0168 10.03<br/>
0.1341 0.0132 0.0747 0.1011 0.0198 0.0505 0.0198 0.0527 0.0418 0.0791 0.0132 0.0198 0.0505 0.0396 0.0659 0.0571 0.0484 0.0769 0.0176 0.0242 4.44<br/>
0.1294 0.0149 0.0846 0.0746 0.0498 0.0945 0.0100 0.0498 0.0697 0.0597 0.0199 0.0647 0.0348 0.0149 0.0547 0.0448 0.0448 0.0398 0.0100 0.0348 4.74<br/>
0.1256 0.0101 0.0754 0.0653 0.0101 0.0754 0.0251 0.0553 0.0503 0.0704 0.0151 0.0201 0.0503 0.0352 0.0854 0.0402 0.0653 0.0653 0.0352 0.0251 7.06<br/>
0.1183 0.0000 0.1183 0.0538 0.0108 0.0645 0.0215 0.0645 0.0538 0.1075 0.0215 0.0430 0.0430 0.0430 0.0860 0.0108 0.0323 0.0430 0.0215 0.0430 5.13<br/>
0.0984 0.0000 0.0328 0.1311 0.0164 0.0492 0.0000 0.0656 0.0164 0.1148 0.0328 0.0656 0.0000 0.0328 0.0984 0.0328 0.0984 0.0820 0.0000 0.0328 4.46<br/>
0.1008 0.0084 0.0420 0.0504 0.0168 0.0588 0.0840 0.0252 0.0252 0.1008 0.0336 0.0252 0.0756 0.0084 0.1345 0.0084 0.0588 0.0924 0.0420 0.0084 11.73<br/>
0.1312 0.0262 0.0758 0.0437 0.0408 0.1195 0.0408 0.0350 0.0058 0.0496 0.0058 0.0233 0.0612 0.0321 0.0991 0.0612 0.0233 0.0612 0.0379 0.0262 6.74<br/>
0.1307 0.0103 0.0749 0.0617 0.0264 0.0705 0.0162 0.0441 0.0499 0.0969 0.0308 0.0220 0.0441 0.0338 0.0778 0.0323 0.0514 0.0646 0.0264 0.0352 6.46<br/>
0.1287 0.0175 0.0936 0.0468 0.0468 0.0643 0.0175 0.0526 0.0468 0.0702 0.0292 0.0175 0.0468 0.0175 0.0819 0.0468 0.0409 0.0877 0.0058 0.0409 6.26<br/>
0.1464 0.0143 0.0536 0.0679 0.0250 0.0464 0.0143 0.0357 0.0429 0.0929 0.0214 0.0214 0.0750 0.0357 0.0786 0.0429 0.0679 0.0893 0.0143 0.0143 7.46<br/>
0.0833 0.0167 0.0500 0.0333 0.0333 0.0500 0.0500 0.0333 0.0167 0.1000 0.0667 0.0333 0.0333 0.0333 0.1333 0.0333 0.0833 0.0667 0.0167 0.0333 10.61<br/>
0.0915 0.0087 0.0632 0.0654 0.0349 0.0763 0.0283 0.0479 0.0392 0.0828 0.0283 0.0327 0.0588 0.0523 0.0828 0.0458 0.0414 0.0675 0.0327 0.0196 7.00<br/>
0.0400 0.0133 0.0133 0.0400 0.0133 0.0800 0.0133 0.0667 0.0800 0.0667 0.0267 0.0133 0.0933 0.0133 0.0533 0.1467 0.0800 0.1200 0.0000 0.0267 10.63<br/>
0.1382 0.0244 0.1057 0.0650 0.0163 0.1138 0.0163 0.0407 0.0325 0.1301 0.0163 0.0244 0.0407 0.0000 0.0569 0.0650 0.0407 0.0325 0.0163 0.0244 4.21<br/>
0.1288 0.0094 0.0585 0.0492 0.0187 0.0749 0.0141 0.0609 0.0468 0.1101 0.0211 0.0304 0.0422 0.0258 0.1007 0.0398 0.0679 0.0656 0.0234 0.0117 10.60<br/>
0.1724 0.0345 0.0000 0.0115 0.0000 0.0115 0.0000 0.0345 0.0000 0.1264 0.0230 0.0460 0.1609 0.0460 0.0805 0.1264 0.1034 0.0115 0.0115 0.0000 12.10<br/>
0.2840 0.0062 0.0802 0.0494 0.0247 0.0741 0.0123 0.0185 0.0370 0.0802 0.0062 0.0123 0.0185 0.0556 0.0864 0.0309 0.0432 0.0556 0.0062 0.0185 6.53<br/>
0.1402 0.0061 0.0427 0.0366 0.0244 0.0915 0.0244 0.0488 0.0244 0.1037 0.0183 0.0366 0.0488 0.0427 0.0732 0.0610 0.0427 0.0732 0.0183 0.0427 9.38<br/>
0.0978 0.0217 0.0109 0.0109 0.0543 0.0870 0.0217 0.0761 0.0326 0.1196 0.0652 0.0326 0.0326 0.0109 0.0326 0.0435 0.0543 0.1196 0.0543 0.0217 9.90<br/>
0.1364 0.0000 0.0182 0.0364 0.0636 0.1545 0.0000 0.0909 0.0545 0.1364 0.0091 0.0091 0.0273 0.0364 0.0273 0.0455 0.0636 0.0545 0.0182 0.0182 10.11<br/>
0.1821 0.0112 0.0056 0.0084 0.0252 0.1092 0.0000 0.0560 0.0084 0.0700 0.0112 0.0532 0.0616 0.0252 0.0140 0.1148 0.1709 0.0476 0.0084 0.0168 8.62<br/>
0.0879 0.0141 0.0502 0.0188 0.0424 0.1272 0.0094 0.0549 0.0173 0.0754 0.0141 0.0816 0.0424 0.0345 0.0298 0.0926 0.0801 0.0863 0.0078 0.0330 4.61<br/>
0.1389 0.0012 0.0602 0.0428 0.0278 0.0995 0.0197 0.0347 0.0405 0.0764 0.0347 0.0486 0.0359 0.0417 0.0729 0.0475 0.0694 0.0613 0.0231 0.0231 9.62<br/>
0.1966 0.0013 0.0721 0.0393 0.0170 0.0891 0.0118 0.0341 0.0223 0.0813 0.0197 0.0249 0.0603 0.0773 0.0577 0.0380 0.0708 0.0655 0.0000 0.0210 4.64<br/>
0.1657 0.0000 0.0595 0.0340 0.0212 0.0807 0.0099 0.0340 0.0411 0.0807 0.0156 0.0368 0.0581 0.0864 0.0425 0.0552 0.0878 0.0652 0.0085 0.0170 5.76<br/>
0.1991 0.0000 0.0310 0.0265 0.0398 0.1372 0.0000 0.0177 0.0133 0.0973 0.0133 0.0487 0.0088 0.0841 0.0487 0.1195 0.0664 0.0354 0.0000 0.0133 9.02<br/>
0.1277 0.0213 0.0426 0.0709 0.0213 0.0638 0.0355 0.0496 0.0355 0.1206 0.0284 0.0071 0.0426 0.0355 0.0851 0.0284 0.0496 0.0851 0.0355 0.0142 8.10<br/>
0.0951 0.0104 0.0716 0.0339 0.0417 0.0924 0.0169 0.0378 0.0260 0.0664 0.0208 0.0391 0.0495 0.0521 0.0547 0.0664 0.0898 0.0846 0.0195 0.0312 5.04<br/>
0.1546 0.0193 0.0725 0.0483 0.0435 0.0483 0.0097 0.0580 0.0290 0.0918 0.0193 0.0338 0.0435 0.0483 0.0821 0.0531 0.0628 0.0386 0.0145 0.0290 5.83<br/>
0.0700 0.0200 0.1000 0.0600 0.0400 0.1300 0.0000 0.0200 0.0900 0.0200 0.0400 0.0500 0.0700 0.0300 0.0300 0.0900 0.0500 0.0700 0.0100 0.0100 4.47<br/>
0.1439 0.0000 0.0791 0.0216 0.0360 0.0791 0.0000 0.0576 0.0000 0.0791 0.0144 0.0432 0.0647 0.0288 0.0432 0.1007 0.0935 0.0647 0.0144 0.0360 3.86<br/>
0.0939 0.0091 0.0636 0.0515 0.0121 0.0879 0.0091 0.0485 0.0394 0.0848 0.0364 0.0788 0.0394 0.0303 0.0606 0.0515 0.0788 0.0727 0.0212 0.0303 5.23<br/>
0.2374 0.0000 0.0623 0.0661 0.0350 0.1089 0.0117 0.0272 0.0623 0.0584 0.0156 0.0156 0.0428 0.0272 0.0389 0.0545 0.0661 0.0350 0.0156 0.0195 4.87<br/>
0.1406 0.0104 0.0781 0.0573 0.0052 0.0677 0.0104 0.0104 0.0260 0.0833 0.0417 0.0208 0.0938 0.0469 0.1250 0.0573 0.0573 0.0469 0.0000 0.0208 9.18<br/>
0.1239 0.0000 0.0765 0.0528 0.0346 0.0801 0.0091 0.0419 0.0401 0.0929 0.0401 0.0364 0.0474 0.0747 0.0638 0.0401 0.0455 0.0583 0.0164 0.0255 4.83<br/>
0.2800 0.0000 0.0667 0.0000 0.0133 0.0667 0.0000 0.0267 0.0400 0.0533 0.0400 0.0400 0.0533 0.0400 0.0400 0.1200 0.0800 0.0400 0.0000 0.0000 9.44<br/>
0.0846 0.0106 0.0740 0.0677 0.0423 0.1015 0.0233 0.0381 0.0529 0.0782 0.0296 0.0233 0.0634 0.0211 0.0782 0.0465 0.0444 0.0592 0.0211 0.0402 6.59<br/>
0.1308 0.0211 0.0549 0.0675 0.0211 0.0633 0.0338 0.0380 0.0886 0.0970 0.0253 0.0253 0.0422 0.0422 0.0844 0.0338 0.0464 0.0506 0.0127 0.0211 10.11<br/>
0.0700 0.0100 0.0600 0.1000 0.0100 0.0500 0.0100 0.0300 0.0400 0.1300 0.0400 0.0100 0.0500 0.0200 0.1600 0.0500 0.0500 0.0800 0.0200 0.0100 10.43<br/>
