.1306 .0113 .0687 .0709 .0349 .0811 .0236 .0450 .0372 .0788 .0203 .0225 .0664 .0214 .0833 .0484 .0439 .0755 .0191 .0169 .4775 .0709 .1678 .1396 .1441 
.1250 .0000 .0417 .0417 .0278 .0694 .0139 .0694 .0556 .0972 .0139 .0278 .0972 .0139 .0694 .0417 .0694 .0694 .0278 .0278 .5278 .0833 .1667 .0833 .1389 
.0820 .0041 .0738 .0615 .0369 .0779 .0205 .0574 .0451 .0861 .0205 .0492 .0492 .0369 .0656 .0861 .0410 .0656 .0287 .0123 .4180 .0779 .2377 .1352 .1311 
.0952 .0317 .0794 .0794 .0000 .0476 .0317 .0794 .0159 .0635 .0159 .0476 .0476 .0000 .0635 .0476 .1270 .0794 .0317 .0159 .4127 .0476 .2698 .1587 .1111 
.0816 .0408 .0612 .0612 .0000 .1224 .0000 .0408 .0204 .2041 .0612 .0408 .0408 .0204 .0816 .0408 .0204 .0408 .0000 .0204 .5306 .0204 .2245 .1224 .1020 
.2194 .0000 .0561 .0867 .0153 .0663 .0051 .0408 .0765 .0765 .0051 .0204 .0561 .0459 .0306 .0561 .0714 .0510 .0051 .0153 .5102 .0357 .1990 .1429 .1122 
.1229 .0056 .0838 .0559 .0223 .0391 .0391 .0447 .1006 .0726 .0223 .0223 .0615 .0447 .0726 .0112 .0447 .0950 .0223 .0168 .4358 .0615 .1508 .1397 .2123 
.1341 .0132 .0747 .1011 .0198 .0505 .0198 .0527 .0418 .0791 .0132 .0198 .0505 .0396 .0659 .0571 .0484 .0769 .0176 .0242 .4440 .0615 .1912 .1758 .1275 
.1294 .0149 .0846 .0746 .0498 .0945 .0100 .0498 .0697 .0597 .0199 .0647 .0348 .0149 .0547 .0448 .0448 .0398 .0100 .0348 .4080 .0945 .2040 .1592 .1343 
.1256 .0101 .0754 .0653 .0101 .0754 .0251 .0553 .0503 .0704 .0151 .0201 .0503 .0352 .0854 .0402 .0653 .0653 .0352 .0251 .4422 .0704 .1859 .1407 .1608 
.1183 .0000 .1183 .0538 .0108 .0645 .0215 .0645 .0538 .1075 .0215 .0430 .0430 .0430 .0860 .0108 .0323 .0430 .0215 .0430 .4409 .0753 .1505 .1720 .1613 
.0984 .0000 .0328 .1311 .0164 .0492 .0000 .0656 .0164 .1148 .0328 .0656 .0000 .0328 .0984 .0328 .0984 .0820 .0000 .0328 .4098 .0492 .2623 .1639 .1148 
.1008 .0084 .0420 .0504 .0168 .0588 .0840 .0252 .0252 .1008 .0336 .0252 .0756 .0084 .1345 .0084 .0588 .0924 .0420 .0084 .4538 .0672 .1429 .0924 .2437 
.1312 .0262 .0758 .0437 .0408 .1195 .0408 .0350 .0058 .0496 .0058 .0233 .0612 .0321 .0991 .0612 .0233 .0612 .0379 .0262 .4577 .1050 .1720 .1195 .1458 
.1307 .0103 .0749 .0617 .0264 .0705 .0162 .0441 .0499 .0969 .0308 .0220 .0441 .0338 .0778 .0323 .0514 .0646 .0264 .0352 .4508 .0881 .1806 .1366 .1439 
.1287 .0175 .0936 .0468 .0468 .0643 .0175 .0526 .0468 .0702 .0292 .0175 .0468 .0175 .0819 .0468 .0409 .0877 .0058 .0409 .4503 .0936 .1696 .1404 .1462 
.1464 .0143 .0536 .0679 .0250 .0464 .0143 .0357 .0429 .0929 .0214 .0214 .0750 .0357 .0786 .0429 .0679 .0893 .0143 .0143 .4857 .0536 .2036 .1214 .1357 
.0833 .0167 .0500 .0333 .0333 .0500 .0500 .0333 .0167 .1000 .0667 .0333 .0333 .0333 .1333 .0333 .0833 .0667 .0167 .0333 .3667 .0833 .2667 .0833 .2000 
.0915 .0087 .0632 .0654 .0349 .0763 .0283 .0479 .0392 .0828 .0283 .0327 .0588 .0523 .0828 .0458 .0414 .0675 .0327 .0196 .4248 .0871 .2092 .1285 .1503 
.0400 .0133 .0133 .0400 .0133 .0800 .0133 .0667 .0800 .0667 .0267 .0133 .0933 .0133 .0533 .1467 .0800 .1200 .0000 .0267 .4667 .0400 .2933 .0533 .1467 
.1382 .0244 .1057 .0650 .0163 .1138 .0163 .0407 .0325 .1301 .0163 .0244 .0407 .0000 .0569 .0650 .0407 .0325 .0163 .0244 .4959 .0569 .1707 .1707 .1057 
.1288 .0094 .0585 .0492 .0187 .0749 .0141 .0609 .0468 .1101 .0211 .0304 .0422 .0258 .1007 .0398 .0679 .0656 .0234 .0117 .4824 .0539 .1944 .1077 .1616 
.1724 .0345 .0000 .0115 .0000 .0115 .0000 .0345 .0000 .1264 .0230 .0460 .1609 .0460 .0805 .1264 .1034 .0115 .0115 .0000 .5172 .0115 .3793 .0115 .0805 
.2840 .0062 .0802 .0494 .0247 .0741 .0123 .0185 .0370 .0802 .0062 .0123 .0185 .0556 .0864 .0309 .0432 .0556 .0062 .0185 .5309 .0494 .1543 .1296 .1358 
.1402 .0061 .0427 .0366 .0244 .0915 .0244 .0488 .0244 .1037 .0183 .0366 .0488 .0427 .0732 .0610 .0427 .0732 .0183 .0427 .5061 .0854 .2073 .0793 .1220 
.0978 .0217 .0109 .0109 .0543 .0870 .0217 .0761 .0326 .1196 .0652 .0326 .0326 .0109 .0326 .0435 .0543 .1196 .0543 .0217 .5326 .1304 .2283 .0217 .0870 
.1364 .0000 .0182 .0364 .0636 .1545 .0000 .0909 .0545 .1364 .0091 .0091 .0273 .0364 .0273 .0455 .0636 .0545 .0182 .0182 .6000 .1000 .1636 .0545 .0818 
.1821 .0112 .0056 .0084 .0252 .1092 .0000 .0560 .0084 .0700 .0112 .0532 .0616 .0252 .0140 .1148 .1709 .0476 .0084 .0168 .5266 .0504 .3866 .0140 .0224 
.0879 .0141 .0502 .0188 .0424 .1272 .0094 .0549 .0173 .0754 .0141 .0816 .0424 .0345 .0298 .0926 .0801 .0863 .0078 .0330 .4741 .0832 .3171 .0691 .0565 
.1389 .0012 .0602 .0428 .0278 .0995 .0197 .0347 .0405 .0764 .0347 .0486 .0359 .0417 .0729 .0475 .0694 .0613 .0231 .0231 .4468 .0741 .2431 .1030 .1331 
.1966 .0013 .0721 .0393 .0170 .0891 .0118 .0341 .0223 .0813 .0197 .0249 .0603 .0773 .0577 .0380 .0708 .0655 .0000 .0210 .5269 .0380 .2320 .1114 .0917 
.1657 .0000 .0595 .0340 .0212 .0807 .0099 .0340 .0411 .0807 .0156 .0368 .0581 .0864 .0425 .0552 .0878 .0652 .0085 .0170 .4844 .0467 .2819 .0935 .0935 
.1991 .0000 .0310 .0265 .0398 .1372 .0000 .0177 .0133 .0973 .0133 .0487 .0088 .0841 .0487 .1195 .0664 .0354 .0000 .0133 .4956 .0531 .3319 .0575 .0619 
.1277 .0213 .0426 .0709 .0213 .0638 .0355 .0496 .0355 .1206 .0284 .0071 .0426 .0355 .0851 .0284 .0496 .0851 .0355 .0142 .4894 .0709 .1702 .1135 .1560 
.0951 .0104 .0716 .0339 .0417 .0924 .0169 .0378 .0260 .0664 .0208 .0391 .0495 .0521 .0547 .0664 .0898 .0846 .0195 .0312 .4258 .0924 .2786 .1055 .0977 
.1546 .0193 .0725 .0483 .0435 .0483 .0097 .0580 .0290 .0918 .0193 .0338 .0435 .0483 .0821 .0531 .0628 .0386 .0145 .0290 .4348 .0870 .2367 .1208 .1208 
.0700 .0200 .1000 .0600 .0400 .1300 .0000 .0200 .0900 .0200 .0400 .0500 .0700 .0300 .0300 .0900 .0500 .0700 .0100 .0100 .3800 .0600 .2800 .1600 .1200 
.1439 .0000 .0791 .0216 .0360 .0791 .0000 .0576 .0000 .0791 .0144 .0432 .0647 .0288 .0432 .1007 .0935 .0647 .0144 .0360 .4892 .0863 .2806 .1007 .0432 
.0939 .0091 .0636 .0515 .0121 .0879 .0091 .0485 .0394 .0848 .0364 .0788 .0394 .0303 .0606 .0515 .0788 .0727 .0212 .0303 .4273 .0636 .2848 .1152 .1091 
.2374 .0000 .0623 .0661 .0350 .1089 .0117 .0272 .0623 .0584 .0156 .0156 .0428 .0272 .0389 .0545 .0661 .0350 .0156 .0195 .5097 .0700 .1790 .1284 .1128 
.1406 .0104 .0781 .0573 .0052 .0677 .0104 .0104 .0260 .0833 .0417 .0208 .0938 .0469 .1250 .0573 .0573 .0469 .0000 .0208 .4427 .0260 .2344 .1354 .1615 
.1239 .0000 .0765 .0528 .0346 .0801 .0091 .0419 .0401 .0929 .0401 .0364 .0474 .0747 .0638 .0401 .0455 .0583 .0164 .0255 .4444 .0765 .2368 .1293 .1129 
.2800 .0000 .0667 .0000 .0133 .0667 .0000 .0267 .0400 .0533 .0400 .0400 .0533 .0400 .0400 .1200 .0800 .0400 .0000 .0000 .5200 .0133 .3200 .0667 .0800 
.0846 .0106 .0740 .0677 .0423 .1015 .0233 .0381 .0529 .0782 .0296 .0233 .0634 .0211 .0782 .0465 .0444 .0592 .0211 .0402 .4249 .1036 .1755 .1416 .1543 
.1308 .0211 .0549 .0675 .0211 .0633 .0338 .0380 .0886 .0970 .0253 .0253 .0422 .0422 .0844 .0338 .0464 .0506 .0127 .0211 .4219 .0549 .1941 .1224 .2068 
.0700 .0100 .0600 .1000 .0100 .0500 .0100 .0300 .0400 .1300 .0400 .0100 .0500 .0200 .1600 .0500 .0500 .0800 .0200 .0100 .4100 .0400 .1800 .1600 .2100 
.1306 .0113 .0687 .0709 .0349 .0811 .0236 .0450 .0372 .0788 .0203 .0225 .0664 .0214 .0833 .0484 .0439 .0755 .0191 .0169 .4775 .0709 .1678 .1396 .1441 
.1250 .0000 .0417 .0417 .0278 .0694 .0139 .0694 .0556 .0972 .0139 .0278 .0972 .0139 .0694 .0417 .0694 .0694 .0278 .0278 .5278 .0833 .1667 .0833 .1389 
.0820 .0041 .0738 .0615 .0369 .0779 .0205 .0574 .0451 .0861 .0205 .0492 .0492 .0369 .0656 .0861 .0410 .0656 .0287 .0123 .4180 .0779 .2377 .1352 .1311 
.0952 .0317 .0794 .0794 .0000 .0476 .0317 .0794 .0159 .0635 .0159 .0476 .0476 .0000 .0635 .0476 .1270 .0794 .0317 .0159 .4127 .0476 .2698 .1587 .1111 
.0816 .0408 .0612 .0612 .0000 .1224 .0000 .0408 .0204 .2041 .0612 .0408 .0408 .0204 .0816 .0408 .0204 .0408 .0000 .0204 .5306 .0204 .2245 .1224 .1020 
.2194 .0000 .0561 .0867 .0153 .0663 .0051 .0408 .0765 .0765 .0051 .0204 .0561 .0459 .0306 .0561 .0714 .0510 .0051 .0153 .5102 .0357 .1990 .1429 .1122 
.1229 .0056 .0838 .0559 .0223 .0391 .0391 .0447 .1006 .0726 .0223 .0223 .0615 .0447 .0726 .0112 .0447 .0950 .0223 .0168 .4358 .0615 .1508 .1397 .2123 
.1341 .0132 .0747 .1011 .0198 .0505 .0198 .0527 .0418 .0791 .0132 .0198 .0505 .0396 .0659 .0571 .0484 .0769 .0176 .0242 .4440 .0615 .1912 .1758 .1275 
.1294 .0149 .0846 .0746 .0498 .0945 .0100 .0498 .0697 .0597 .0199 .0647 .0348 .0149 .0547 .0448 .0448 .0398 .0100 .0348 .4080 .0945 .2040 .1592 .1343 
.1256 .0101 .0754 .0653 .0101 .0754 .0251 .0553 .0503 .0704 .0151 .0201 .0503 .0352 .0854 .0402 .0653 .0653 .0352 .0251 .4422 .0704 .1859 .1407 .1608 
.1183 .0000 .1183 .0538 .0108 .0645 .0215 .0645 .0538 .1075 .0215 .0430 .0430 .0430 .0860 .0108 .0323 .0430 .0215 .0430 .4409 .0753 .1505 .1720 .1613 
.0984 .0000 .0328 .1311 .0164 .0492 .0000 .0656 .0164 .1148 .0328 .0656 .0000 .0328 .0984 .0328 .0984 .0820 .0000 .0328 .4098 .0492 .2623 .1639 .1148 
.1008 .0084 .0420 .0504 .0168 .0588 .0840 .0252 .0252 .1008 .0336 .0252 .0756 .0084 .1345 .0084 .0588 .0924 .0420 .0084 .4538 .0672 .1429 .0924 .2437 
.1312 .0262 .0758 .0437 .0408 .1195 .0408 .0350 .0058 .0496 .0058 .0233 .0612 .0321 .0991 .0612 .0233 .0612 .0379 .0262 .4577 .1050 .1720 .1195 .1458 
.1307 .0103 .0749 .0617 .0264 .0705 .0162 .0441 .0499 .0969 .0308 .0220 .0441 .0338 .0778 .0323 .0514 .0646 .0264 .0352 .4508 .0881 .1806 .1366 .1439 
.1287 .0175 .0936 .0468 .0468 .0643 .0175 .0526 .0468 .0702 .0292 .0175 .0468 .0175 .0819 .0468 .0409 .0877 .0058 .0409 .4503 .0936 .1696 .1404 .1462 
.1464 .0143 .0536 .0679 .0250 .0464 .0143 .0357 .0429 .0929 .0214 .0214 .0750 .0357 .0786 .0429 .0679 .0893 .0143 .0143 .4857 .0536 .2036 .1214 .1357 
.0833 .0167 .0500 .0333 .0333 .0500 .0500 .0333 .0167 .1000 .0667 .0333 .0333 .0333 .1333 .0333 .0833 .0667 .0167 .0333 .3667 .0833 .2667 .0833 .2000 
.0915 .0087 .0632 .0654 .0349 .0763 .0283 .0479 .0392 .0828 .0283 .0327 .0588 .0523 .0828 .0458 .0414 .0675 .0327 .0196 .4248 .0871 .2092 .1285 .1503 
.0400 .0133 .0133 .0400 .0133 .0800 .0133 .0667 .0800 .0667 .0267 .0133 .0933 .0133 .0533 .1467 .0800 .1200 .0000 .0267 .4667 .0400 .2933 .0533 .1467 
.1382 .0244 .1057 .0650 .0163 .1138 .0163 .0407 .0325 .1301 .0163 .0244 .0407 .0000 .0569 .0650 .0407 .0325 .0163 .0244 .4959 .0569 .1707 .1707 .1057 
.1288 .0094 .0585 .0492 .0187 .0749 .0141 .0609 .0468 .1101 .0211 .0304 .0422 .0258 .1007 .0398 .0679 .0656 .0234 .0117 .4824 .0539 .1944 .1077 .1616 
.1724 .0345 .0000 .0115 .0000 .0115 .0000 .0345 .0000 .1264 .0230 .0460 .1609 .0460 .0805 .1264 .1034 .0115 .0115 .0000 .5172 .0115 .3793 .0115 .0805 
.2840 .0062 .0802 .0494 .0247 .0741 .0123 .0185 .0370 .0802 .0062 .0123 .0185 .0556 .0864 .0309 .0432 .0556 .0062 .0185 .5309 .0494 .1543 .1296 .1358 
.1402 .0061 .0427 .0366 .0244 .0915 .0244 .0488 .0244 .1037 .0183 .0366 .0488 .0427 .0732 .0610 .0427 .0732 .0183 .0427 .5061 .0854 .2073 .0793 .1220 
.0978 .0217 .0109 .0109 .0543 .0870 .0217 .0761 .0326 .1196 .0652 .0326 .0326 .0109 .0326 .0435 .0543 .1196 .0543 .0217 .5326 .1304 .2283 .0217 .0870 
.1364 .0000 .0182 .0364 .0636 .1545 .0000 .0909 .0545 .1364 .0091 .0091 .0273 .0364 .0273 .0455 .0636 .0545 .0182 .0182 .6000 .1000 .1636 .0545 .0818 
.1821 .0112 .0056 .0084 .0252 .1092 .0000 .0560 .0084 .0700 .0112 .0532 .0616 .0252 .0140 .1148 .1709 .0476 .0084 .0168 .5266 .0504 .3866 .0140 .0224 
.0879 .0141 .0502 .0188 .0424 .1272 .0094 .0549 .0173 .0754 .0141 .0816 .0424 .0345 .0298 .0926 .0801 .0863 .0078 .0330 .4741 .0832 .3171 .0691 .0565 
.1389 .0012 .0602 .0428 .0278 .0995 .0197 .0347 .0405 .0764 .0347 .0486 .0359 .0417 .0729 .0475 .0694 .0613 .0231 .0231 .4468 .0741 .2431 .1030 .1331 
.1966 .0013 .0721 .0393 .0170 .0891 .0118 .0341 .0223 .0813 .0197 .0249 .0603 .0773 .0577 .0380 .0708 .0655 .0000 .0210 .5269 .0380 .2320 .1114 .0917 
.1657 .0000 .0595 .0340 .0212 .0807 .0099 .0340 .0411 .0807 .0156 .0368 .0581 .0864 .0425 .0552 .0878 .0652 .0085 .0170 .4844 .0467 .2819 .0935 .0935 
.1991 .0000 .0310 .0265 .0398 .1372 .0000 .0177 .0133 .0973 .0133 .0487 .0088 .0841 .0487 .1195 .0664 .0354 .0000 .0133 .4956 .0531 .3319 .0575 .0619 
.1277 .0213 .0426 .0709 .0213 .0638 .0355 .0496 .0355 .1206 .0284 .0071 .0426 .0355 .0851 .0284 .0496 .0851 .0355 .0142 .4894 .0709 .1702 .1135 .1560 
.0951 .0104 .0716 .0339 .0417 .0924 .0169 .0378 .0260 .0664 .0208 .0391 .0495 .0521 .0547 .0664 .0898 .0846 .0195 .0312 .4258 .0924 .2786 .1055 .0977 
.1546 .0193 .0725 .0483 .0435 .0483 .0097 .0580 .0290 .0918 .0193 .0338 .0435 .0483 .0821 .0531 .0628 .0386 .0145 .0290 .4348 .0870 .2367 .1208 .1208 
.0700 .0200 .1000 .0600 .0400 .1300 .0000 .0200 .0900 .0200 .0400 .0500 .0700 .0300 .0300 .0900 .0500 .0700 .0100 .0100 .3800 .0600 .2800 .1600 .1200 
.1439 .0000 .0791 .0216 .0360 .0791 .0000 .0576 .0000 .0791 .0144 .0432 .0647 .0288 .0432 .1007 .0935 .0647 .0144 .0360 .4892 .0863 .2806 .1007 .0432 
.0939 .0091 .0636 .0515 .0121 .0879 .0091 .0485 .0394 .0848 .0364 .0788 .0394 .0303 .0606 .0515 .0788 .0727 .0212 .0303 .4273 .0636 .2848 .1152 .1091 
.2374 .0000 .0623 .0661 .0350 .1089 .0117 .0272 .0623 .0584 .0156 .0156 .0428 .0272 .0389 .0545 .0661 .0350 .0156 .0195 .5097 .0700 .1790 .1284 .1128 
.1406 .0104 .0781 .0573 .0052 .0677 .0104 .0104 .0260 .0833 .0417 .0208 .0938 .0469 .1250 .0573 .0573 .0469 .0000 .0208 .4427 .0260 .2344 .1354 .1615 
.1239 .0000 .0765 .0528 .0346 .0801 .0091 .0419 .0401 .0929 .0401 .0364 .0474 .0747 .0638 .0401 .0455 .0583 .0164 .0255 .4444 .0765 .2368 .1293 .1129 
.2800 .0000 .0667 .0000 .0133 .0667 .0000 .0267 .0400 .0533 .0400 .0400 .0533 .0400 .0400 .1200 .0800 .0400 .0000 .0000 .5200 .0133 .3200 .0667 .0800 
.0846 .0106 .0740 .0677 .0423 .1015 .0233 .0381 .0529 .0782 .0296 .0233 .0634 .0211 .0782 .0465 .0444 .0592 .0211 .0402 .4249 .1036 .1755 .1416 .1543 
.1308 .0211 .0549 .0675 .0211 .0633 .0338 .0380 .0886 .0970 .0253 .0253 .0422 .0422 .0844 .0338 .0464 .0506 .0127 .0211 .4219 .0549 .1941 .1224 .2068 
.0700 .0100 .0600 .1000 .0100 .0500 .0100 .0300 .0400 .1300 .0400 .0100 .0500 .0200 .1600 .0500 .0500 .0800 .0200 .0100 .4100 .0400 .1800 .1600 .2100 
